	
    SYSTEM   : H2O
	
    NGVEC    : 170
    EHZB     : -142.09249198310414
    ENUCLI   : 9.20490701
    SVD      : False
    SVDT     : 1e-3
    HF       : False
    HFTAU    : 1.0e-10
    HFSTP    : 1
    TRORD    : 6
    TIMG    : 2000
    TREL    : 2000
    MAXT     : 184800
    SPIN     : 0
    NORB     : 24
    KPOINT   : 1
    DTAU     : 0.005
    NWAK     : 256
    NSTP     : 1000
    UPDTM    : H
    REOPRI   : 1
    REBPRI   : 5
    EQLB     : 0.1
    SMFRQ    : 1
    CHPRI    : 1000 
